<?xml version="1.0" encoding="UTF-8" standalone="no" ?>
<COLLADA xmlns="http://www.collada.org/2005/11/COLLADASchema" version="1.4.1">
    <asset>
        <contributor>
            <authoring_tool>SketchUp 7.0.10247</authoring_tool>
        </contributor>
        <created>2017-12-24T15:38:42Z</created>
        <modified>2017-12-24T15:38:42Z</modified>
        <unit meter="0.0254" name="inch" />
        <up_axis>Z_UP</up_axis>
    </asset>
    <library_cameras>
        <camera id="ID1" name="skp_camera_Last_Saved_SketchUp_View">
            <optics>
                <technique_common>
                    <perspective>
                        <yfov>35</yfov>
                        <aspect_ratio>0</aspect_ratio>
                        <znear>1</znear>
                        <zfar>1000</zfar>
                    </perspective>
                </technique_common>
            </optics>
        </camera>
    </library_cameras>
    <library_visual_scenes>
        <visual_scene id="ID2">
            <node name="SketchUp">
                <node name="skp_camera_Last_Saved_SketchUp_View">
                    <matrix>0.8766158 0.42092 -0.2331762 -174.7998 -0.481191 0.7668163 -0.4247916 -317.5153 0 0.4845813 0.8747463 664.4564 0 0 0 1</matrix>
                    <instance_camera url="#ID1" />
                </node>
                <node id="ID3" name="instance_0">
                    <matrix>1 0 0 -9.06016 0 1 0 -9.196544 0 0 1 78.83539 0 0 0 1</matrix>
                    <instance_node url="#ID4" />
                </node>
                <node id="ID27" name="instance_1">
                    <matrix>1 0 0 -79.07002 0 1 0 -80.42033 0 0 1 -80.27447 0 0 0 1</matrix>
                    <instance_node url="#ID28" />
                </node>
                <node id="ID37" name="instance_2">
                    <matrix>0.9009278 3.077514e-17 0.4339691 26.04957 -1.50015e-17 1 -3.977211e-17 -9.196544 -0.4339691 2.932161e-17 0.9009278 74.95682 0 0 0 1</matrix>
                    <instance_node url="#ID4" />
                </node>
                <node id="ID38" name="instance_3">
                    <matrix>0.6233416 -2.040218e-17 0.7819496 55.99773 4.584934e-17 1 -1.0458e-17 -9.196544 -0.7819496 4.237078e-17 0.6233416 56.22597 0 0 0 1</matrix>
                    <instance_node url="#ID4" />
                </node>
                <node id="ID39" name="instance_4">
                    <matrix>0.2222438 4.211145e-17 0.9749911 74.85024 -1.50015e-17 1 -3.977211e-17 -9.196544 -0.9749911 -5.787226e-18 0.2222438 26.35425 0 0 0 1</matrix>
                    <instance_node url="#ID4" />
                </node>
                <node id="ID40" name="instance_5">
                    <matrix>-0.2228904 2.041429e-17 0.9748435 78.87159 4.584934e-17 1 -1.0458e-17 -9.196544 -0.9748435 4.236495e-17 -0.2228904 -8.739413 0 0 0 1</matrix>
                    <instance_node url="#ID4" />
                </node>
                <node id="ID41" name="instance_6">
                    <matrix>-0.6238601 2.17245e-17 0.781536 67.26497 -1.50015e-17 1 -3.977211e-17 -9.196544 -0.781536 -3.653645e-17 -0.6238601 -42.10141 0 0 0 1</matrix>
                    <instance_node url="#ID4" />
                </node>
                <node id="ID42" name="instance_7">
                    <matrix>-0.9012154 4.585233e-17 0.4333715 42.33016 4.584934e-17 1 -1.0458e-17 -9.196544 -0.4333715 1.044489e-17 -0.9012154 -67.12125 0 0 0 1</matrix>
                    <instance_node url="#ID4" />
                </node>
                <node id="ID43" name="instance_8">
                    <matrix>-0.9999998 -1.502788e-17 -0.0006632342 9.007872 -1.50015e-17 1 -3.977211e-17 -9.196544 0.0006632342 -3.976216e-17 -0.9999998 -78.84138 0 0 0 1</matrix>
                    <instance_node url="#ID4" />
                </node>
                <node id="ID44" name="instance_9">
                    <matrix>0.90101 -3.736575e-18 -0.4337984 -42.36196 -1.50015e-17 1 -3.977211e-17 -9.196544 0.4337984 4.23427e-17 0.90101 67.10119 0 0 0 1</matrix>
                    <instance_node url="#ID4" />
                </node>
                <node id="ID45" name="instance_10">
                    <matrix>0.6236379 -3.676855e-17 -0.7817133 -67.27693 4.584934e-17 1 -1.0458e-17 -9.196544 0.7817133 -2.931904e-17 0.6236379 42.08229 0 0 0 1</matrix>
                    <instance_node url="#ID4" />
                </node>
                <node id="ID46" name="instance_11">
                    <matrix>0.222798 -3.543012e-17 -0.9748646 -78.87242 -1.50015e-17 1 -3.977211e-17 -9.196544 0.9748646 2.348558e-17 0.222798 8.73194 0 0 0 1</matrix>
                    <instance_node url="#ID4" />
                </node>
                <node id="ID47" name="instance_12">
                    <matrix>-0.2221514 -4.21109e-17 -0.9750122 -74.85273 -1.50015e-17 1 -3.977211e-17 -9.196544 0.9750122 5.791216e-18 -0.2221514 -26.34716 0 0 0 1</matrix>
                    <instance_node url="#ID4" />
                </node>
                <node id="ID48" name="instance_13">
                    <matrix>-0.6231193 -4.045456e-17 -0.7821268 -56.01371 -1.50015e-17 1 -3.977211e-17 -9.196544 0.7821268 -1.30497e-17 -0.6231193 -56.21005 0 0 0 1</matrix>
                    <instance_node url="#ID4" />
                </node>
                <node id="ID49" name="instance_14">
                    <matrix>-0.9007221 -3.078903e-17 -0.4343959 -26.08508 -1.50015e-17 1 -3.977211e-17 -9.196544 0.4343959 -2.930703e-17 -0.9007221 -74.94447 0 0 0 1</matrix>
                    <instance_node url="#ID4" />
                </node>
                <node id="ID50" name="instance_15">
                    <matrix>-0.9999998 -3.354654e-17 -0.0006632342 9.007872 -3.351425e-17 1 -4.868968e-17 -9.196544 0.0006632342 -4.866744e-17 -0.9999998 -78.84138 0 0 0 1</matrix>
                    <instance_node url="#ID4" />
                </node>
                <node id="ID51" name="instance_16">
                    <matrix>1 1.019789e-17 6.315478e-18 -9.06016 -6.447802e-18 0.9009689 -0.4338837 -42.49119 -1.011475e-17 0.4338837 0.9009689 67.038 0 0 0 1</matrix>
                    <instance_node url="#ID4" />
                </node>
                <node id="ID52" name="instance_17">
                    <matrix>1 -3.204165e-18 6.315478e-18 -9.06016 6.935404e-18 0.6234898 -0.7818315 -67.36994 -1.432519e-18 0.7818315 0.6234898 41.96291 0 0 0 1</matrix>
                    <instance_node url="#ID4" />
                </node>
                <node id="ID53" name="instance_18">
                    <matrix>1 1.378428e-18 6.315478e-18 -9.06016 5.850406e-18 0.2225209 -0.9749279 -78.90524 -2.749194e-18 0.9749279 0.2225209 8.576557 0 0 0 1</matrix>
                    <instance_node url="#ID4" />
                </node>
                <node id="ID54" name="instance_19">
                    <matrix>1 1.37473e-17 6.315478e-18 -9.06016 9.216198e-18 -0.2225209 -0.9749279 -74.8124 -1.19973e-17 0.9749279 -0.2225209 -26.50849 0 0 0 1</matrix>
                    <instance_node url="#ID4" />
                </node>
                <node id="ID55" name="instance_20">
                    <matrix>1 -2.029028e-17 6.315478e-18 -9.06016 -7.713143e-18 -0.6234898 -0.7818315 -55.90204 1.980122e-17 0.7818315 -0.6234898 -56.34321 0 0 0 1</matrix>
                    <instance_node url="#ID4" />
                </node>
                <node id="ID56" name="instance_21">
                    <matrix>1 -1.754958e-17 6.315478e-18 -9.06016 -1.307145e-17 -0.9009689 -0.4338837 -25.91959 1.330453e-17 0.4338837 -0.9009689 -75.01846 0 0 0 1</matrix>
                    <instance_node url="#ID4" />
                </node>
                <node id="ID57" name="instance_22">
                    <matrix>1 -1.048528e-16 -2.301219e-17 -9.06016 -1.048528e-16 -1 -5.844991e-16 9.196544 -2.301219e-17 5.844991e-16 -1 -78.83539 0 0 0 1</matrix>
                    <instance_node url="#ID4" />
                </node>
                <node id="ID58" name="instance_23">
                    <matrix>1 -7.726895e-18 6.315478e-18 -9.06016 4.221509e-18 0.9009689 0.4338837 25.91959 -9.042623e-18 -0.4338837 0.9009689 75.01846 0 0 0 1</matrix>
                    <instance_node url="#ID4" />
                </node>
                <node id="ID59" name="instance_24">
                    <matrix>1 -5.306087e-17 6.315478e-18 -9.06016 2.814527e-17 0.6234898 0.7818315 55.90204 -4.54223e-17 -0.7818315 0.6234898 56.34321 0 0 0 1</matrix>
                    <instance_node url="#ID4" />
                </node>
                <node id="ID60" name="instance_25">
                    <matrix>1 -9.164219e-17 -3.192975e-17 -9.06016 5.152151e-17 0.2225209 0.9749279 74.8124 -8.223949e-17 -0.9749279 0.2225209 26.50849 0 0 0 1</matrix>
                    <instance_node url="#ID4" />
                </node>
                <node id="ID61" name="instance_26">
                    <matrix>1 -6.31549e-17 6.315478e-18 -9.06016 -2.021042e-17 -0.2225209 0.9749279 78.90524 -6.016615e-17 -0.9749279 -0.2225209 -8.576557 0 0 0 1</matrix>
                    <instance_node url="#ID4" />
                </node>
                <node id="ID62" name="instance_27">
                    <matrix>1 -1.280252e-17 -2.301219e-17 -9.06016 1.000941e-17 -0.6234898 0.7818315 67.36994 -2.435728e-17 -0.7818315 -0.6234898 -41.96291 0 0 0 1</matrix>
                    <instance_node url="#ID4" />
                </node>
                <node id="ID63" name="instance_28">
                    <matrix>1 -5.479678e-17 -2.301219e-17 -9.06016 -3.938558e-17 -0.9009689 0.4338837 42.49119 -4.45087e-17 -0.4338837 -0.9009689 -67.038 0 0 0 1</matrix>
                    <instance_node url="#ID4" />
                </node>
                <node id="ID64" name="instance_29">
                    <matrix>1 1.309994e-17 6.315478e-18 -9.06016 1.309994e-17 -1 6.054151e-16 9.196544 6.315478e-18 -6.054151e-16 -1 -78.83539 0 0 0 1</matrix>
                    <instance_node url="#ID4" />
                </node>
                <node id="ID65" name="instance_30">
                    <matrix>0.7935146 0.3794254 0.4757845 26.92643 -0.6085512 0.4947483 0.6203947 49.79533 1.110223e-16 -0.7818315 0.6234898 56.34321 0 0 0 1</matrix>
                    <instance_node url="#ID4" />
                </node>
                <node id="ID66" name="instance_31">
                    <matrix>-0.4950421 0.6085512 0.6201603 47.87572 0.3796508 0.7935146 -0.4756047 -48.30909 -0.781536 2.220446e-16 -0.6238601 -42.10141 0 0 0 1</matrix>
                    <instance_node url="#ID4" />
                </node>
                <node id="ID67" name="instance_32">
                    <matrix>-0.7151276 0.6085512 0.3438866 28.08959 0.5484357 0.7935146 -0.2637287 -33.13499 -0.4333715 -2.220446e-16 -0.9012154 -67.12125 0 0 0 1</matrix>
                    <instance_node url="#ID4" />
                </node>
                <node id="ID68" name="instance_33">
                    <matrix>-0.7935145 0.6085512 -0.0005262861 1.647862 0.608551 0.7935146 0.000403612 -12.85667 0.0006632342 -3.529078e-17 -0.9999998 -78.84138 0 0 0 1</matrix>
                    <instance_node url="#ID4" />
                </node>
                <node id="ID69" name="instance_34">
                    <matrix>0.7935146 0.1354154 0.5932935 38.43435 -0.6085512 0.1765736 0.7736196 64.80098 1.387779e-17 -0.9749279 0.2225209 26.50849 0 0 0 1</matrix>
                    <instance_node url="#ID4" />
                </node>
                <node id="ID70" name="instance_35">
                    <matrix>0.7935146 -0.1354154 0.5932935 40.92506 -0.6085512 -0.1765736 0.7736196 68.04871 0 -0.9749279 -0.2225209 -8.576557 0 0 0 1</matrix>
                    <instance_node url="#ID4" />
                </node>
                <node id="ID71" name="instance_36">
                    <matrix>0.7935146 -0.3794254 0.4757845 33.90524 -0.6085512 -0.4947483 0.6203947 58.89528 5.551115e-17 -0.7818315 -0.6234898 -41.96291 0 0 0 1</matrix>
                    <instance_node url="#ID4" />
                </node>
                <node id="ID72" name="instance_37">
                    <matrix>0.7935146 0.5482857 -0.2640405 -32.95088 -0.6085512 0.714932 -0.3442931 -28.28114 -2.775558e-17 0.4338837 0.9009689 67.038 0 0 0 1</matrix>
                    <instance_node url="#ID4" />
                </node>
                <node id="ID73" name="instance_38">
                    <matrix>0.4948658 0.6085512 -0.620301 -58.88525 -0.3795156 0.7935146 0.4757126 33.56654 0.7817133 5.551115e-17 0.6236379 42.08229 0 0 0 1</matrix>
                    <instance_node url="#ID4" />
                </node>
                <node id="ID74" name="instance_39">
                    <matrix>0.1767935 0.6085512 -0.7735693 -68.08643 -0.135584 0.7935146 0.593255 40.62298 0.9748646 2.775558e-17 0.222798 8.73194 0 0 0 1</matrix>
                    <instance_node url="#ID4" />
                </node>
                <node id="ID75" name="instance_40">
                    <matrix>-0.7147361 0.6085512 -0.3446995 -26.19891 0.5481355 0.7935146 0.2643521 8.499186 0.4343959 0 -0.9007221 -74.94447 0 0 0 1</matrix>
                    <instance_node url="#ID4" />
                </node>
                <node id="ID76" name="instance_41">
                    <matrix>-0.7935145 0.6085512 -0.0005262861 1.647862 0.608551 0.7935146 0.000403612 -12.85667 0.0006632342 -6.001059e-17 -0.9999998 -78.84138 0 0 0 1</matrix>
                    <instance_node url="#ID4" />
                </node>
                <node id="ID77" name="instance_42">
                    <matrix>0.7935146 -0.5482857 -0.2640405 -22.86622 -0.6085512 -0.714932 -0.3442931 -15.13133 1.94289e-16 0.4338837 -0.9009689 -75.01846 0 0 0 1</matrix>
                    <instance_node url="#ID4" />
                </node>
                <node id="ID78" name="instance_43">
                    <matrix>0.7935146 -0.6085512 -3.899875e-16 -1.496251 -0.6085512 -0.7935146 -3.882664e-16 12.73384 -7.318087e-17 5.454224e-16 -1 -78.83539 0 0 0 1</matrix>
                    <instance_node url="#ID4" />
                </node>
                <node id="ID79" name="instance_44">
                    <matrix>0.7935146 -0.1354154 -0.5932935 -52.61999 -0.6085512 -0.1765736 -0.7736196 -53.92849 -2.775558e-17 0.9749279 -0.2225209 -26.50849 0 0 0 1</matrix>
                    <instance_node url="#ID4" />
                </node>
                <node id="ID80" name="instance_45">
                    <matrix>0.7935146 -0.3794254 -0.4757845 -41.11207 -0.6085512 -0.4947483 -0.6203947 -38.92284 -8.326673e-17 0.7818315 -0.6234898 -56.34321 0 0 0 1</matrix>
                    <instance_node url="#ID4" />
                </node>
                <node id="ID81" name="instance_46">
                    <matrix>0.1763537 0.6085512 0.7736697 53.89474 -0.1352467 0.7935146 -0.593332 -52.92512 -0.9749911 -2.775558e-17 0.2222438 26.35425 0 0 0 1</matrix>
                    <instance_node url="#ID4" />
                </node>
                <node id="ID82" name="instance_47">
                    <matrix>-0.1768668 0.6085512 0.7735526 57.08574 0.1356402 0.7935146 -0.5932422 -55.37232 -0.9748435 2.775558e-17 -0.2228904 -8.739413 0 0 0 1</matrix>
                    <instance_node url="#ID4" />
                </node>
                <node id="ID83" name="instance_48">
                    <matrix>0.7148994 0.6085512 0.3443608 15.1707 -0.5482606 0.7935146 -0.2640924 -23.22742 -0.4339691 1.110223e-16 0.9009278 74.95682 0 0 0 1</matrix>
                    <instance_node url="#ID4" />
                </node>
                <node id="ID84" name="instance_49">
                    <matrix>0.7935146 -0.5482857 0.2640405 18.76525 -0.6085512 -0.714932 0.3442931 39.15363 -1.110223e-16 -0.4338837 -0.9009689 -67.038 0 0 0 1</matrix>
                    <instance_node url="#ID4" />
                </node>
                <node id="ID85" name="instance_50">
                    <matrix>0.7935146 -0.6085512 3.143644e-16 -1.496251 -0.6085512 -0.7935146 4.998985e-16 12.73384 -5.476106e-17 -5.879836e-16 -1 -78.83539 0 0 0 1</matrix>
                    <instance_node url="#ID4" />
                </node>
                <node id="ID86" name="instance_51">
                    <matrix>0.7935146 0.1354154 -0.5932935 -55.1107 -0.6085512 0.1765736 -0.7736196 -57.17622 4.163336e-17 0.9749279 0.2225209 8.576557 0 0 0 1</matrix>
                    <instance_node url="#ID4" />
                </node>
                <node id="ID87" name="instance_52">
                    <matrix>0.7935146 0.6085512 -4.317835e-17 -12.68939 -0.6085512 0.7935146 1.646632e-17 -1.861348 4.428325e-17 1.320997e-17 1 78.83539 0 0 0 1</matrix>
                    <instance_node url="#ID4" />
                </node>
                <node id="ID88" name="instance_53">
                    <matrix>0.4946307 0.6085512 0.6204885 38.935 -0.3793353 0.7935146 -0.4758563 -41.4524 -0.7819496 5.551115e-17 0.6233416 56.22597 0 0 0 1</matrix>
                    <instance_node url="#ID4" />
                </node>
                <node id="ID89" name="instance_54">
                    <matrix>0.7935146 0.3794254 -0.4757845 -48.09087 -0.6085512 0.4947483 -0.6203947 -48.02279 -1.387779e-16 0.7818315 0.6234898 41.96291 0 0 0 1</matrix>
                    <instance_node url="#ID4" />
                </node>
                <node id="ID90" name="instance_55">
                    <matrix>-0.4944543 0.6085512 -0.620629 -49.94771 0.3792 0.7935146 0.4759642 26.71229 0.7821268 0 -0.6231193 -56.21005 0 0 0 1</matrix>
                    <instance_node url="#ID4" />
                </node>
                <node id="ID91" name="instance_56">
                    <matrix>-0.1762804 0.6085512 -0.7736864 -64.89676 0.1351905 0.7935146 0.5933448 38.1768 0.9750122 -8.326673e-17 -0.2221514 -26.34716 0 0 0 1</matrix>
                    <instance_node url="#ID4" />
                </node>
                <node id="ID92" name="instance_57">
                    <matrix>0.7935146 0.5482857 0.2640405 8.68058 -0.6085512 0.714932 0.3442931 26.00382 0 -0.4338837 0.9009689 75.01846 0 0 0 1</matrix>
                    <instance_node url="#ID4" />
                </node>
                <node id="ID93" name="instance_58">
                    <matrix>0.7149646 0.6085512 -0.3442254 -39.11485 -0.5483107 0.7935146 0.2639885 18.4045 0.4337984 -8.326673e-17 0.90101 67.10119 0 0 0 1</matrix>
                    <instance_node url="#ID4" />
                </node>
            </node>
        </visual_scene>
    </library_visual_scenes>
    <library_nodes>
        <node id="ID4" name="Component_1">
            <instance_geometry url="#ID5">
                <bind_material>
                    <technique_common>
                        <instance_material symbol="Material2" target="#ID7">
                            <bind_vertex_input semantic="UVSET0" input_semantic="TEXCOORD" input_set="0" />
                        </instance_material>
                    </technique_common>
                </bind_material>
            </instance_geometry>
            <instance_geometry url="#ID13">
                <bind_material>
                    <technique_common>
                        <instance_material symbol="Material2" target="#ID7">
                            <bind_vertex_input semantic="UVSET0" input_semantic="TEXCOORD" input_set="0" />
                        </instance_material>
                    </technique_common>
                </bind_material>
            </instance_geometry>
            <instance_geometry url="#ID19">
                <bind_material>
                    <technique_common>
                        <instance_material symbol="Material2" target="#ID20">
                            <bind_vertex_input semantic="UVSET0" input_semantic="TEXCOORD" input_set="0" />
                        </instance_material>
                    </technique_common>
                </bind_material>
            </instance_geometry>
        </node>
        <node id="ID28" name="Component_2">
            <instance_geometry url="#ID29">
                <bind_material>
                    <technique_common>
                        <instance_material symbol="Material2" target="#ID30">
                            <bind_vertex_input semantic="UVSET0" input_semantic="TEXCOORD" input_set="0" />
                        </instance_material>
                    </technique_common>
                </bind_material>
            </instance_geometry>
        </node>
    </library_nodes>
    <library_geometries>
        <geometry id="ID5">
            <mesh>
                <source id="ID8">
                    <float_array id="ID11" count="72">0.3069359 11.33928 0 0.3069359 6.676465 0 1.776357e-15 9.007874 0 1.206826 4.503937 0 1.206826 13.51181 0 2.638345 15.3774 0 2.638345 2.638345 0 4.503937 1.206826 0 4.503937 16.80892 0 6.676465 0.3069359 -1.421085e-14 6.676465 17.70881 0 9.007874 18.01575 -1.421085e-14 9.007874 0 -1.421085e-14 11.33928 0.3069359 0 11.33928 17.70881 -1.421085e-14 13.51181 16.80892 0 13.51181 1.206826 0 15.3774 15.3774 0 15.3774 2.638345 0 16.80892 4.503937 0 16.80892 13.51181 0 17.70881 11.33928 0 17.70881 6.676465 0 18.01575 9.007874 0</float_array>
                    <technique_common>
                        <accessor count="24" source="#ID11" stride="3">
                            <param name="X" type="float" />
                            <param name="Y" type="float" />
                            <param name="Z" type="float" />
                        </accessor>
                    </technique_common>
                </source>
                <source id="ID9">
                    <float_array id="ID12" count="72">-6.315478e-18 1.0458e-17 -1 -6.315478e-18 1.0458e-17 -1 -6.315478e-18 1.0458e-17 -1 -6.315478e-18 1.0458e-17 -1 -6.315478e-18 1.0458e-17 -1 -6.315478e-18 1.0458e-17 -1 -6.315478e-18 1.0458e-17 -1 -6.315478e-18 1.0458e-17 -1 -6.315478e-18 1.0458e-17 -1 -6.315478e-18 1.0458e-17 -1 -6.315478e-18 1.0458e-17 -1 -6.315478e-18 1.0458e-17 -1 -6.315478e-18 1.0458e-17 -1 -6.315478e-18 1.0458e-17 -1 -6.315478e-18 1.0458e-17 -1 -6.315478e-18 1.0458e-17 -1 -6.315478e-18 1.0458e-17 -1 -6.315478e-18 1.0458e-17 -1 -6.315478e-18 1.0458e-17 -1 -6.315478e-18 1.0458e-17 -1 -6.315478e-18 1.0458e-17 -1 -6.315478e-18 1.0458e-17 -1 -6.315478e-18 1.0458e-17 -1 -6.315478e-18 1.0458e-17 -1</float_array>
                    <technique_common>
                        <accessor count="24" source="#ID12" stride="3">
                            <param name="X" type="float" />
                            <param name="Y" type="float" />
                            <param name="Z" type="float" />
                        </accessor>
                    </technique_common>
                </source>
                <vertices id="ID10">
                    <input semantic="POSITION" source="#ID8" />
                    <input semantic="NORMAL" source="#ID9" />
                </vertices>
                <triangles count="22" material="Material2">
                    <input offset="0" semantic="VERTEX" source="#ID10" />
                    <p>0 1 2 1 0 3 3 0 4 3 4 5 3 5 6 6 5 7 7 5 8 7 8 9 9 8 10 9 10 11 9 11 12 12 11 13 13 11 14 13 14 15 13 15 16 16 15 17 16 17 18 18 17 19 19 17 20 19 20 21 19 21 22 22 21 23</p>
                </triangles>
            </mesh>
        </geometry>
        <geometry id="ID13">
            <mesh>
                <source id="ID14">
                    <float_array id="ID17" count="72">8.992943 9.003873 144.7362 8.992943 9.011875 144.7362 8.992417 9.007874 144.7362 8.994487 9.015603 144.7362 8.994487 9.000145 144.7362 8.996944 9.018804 144.7362 8.996944 8.996944 144.7362 9.000145 9.021261 144.7362 9.000145 8.994487 144.7362 9.003873 8.992943 144.7362 9.003873 9.022805 144.7362 9.007874 9.023332 144.7362 9.007874 8.992417 144.7362 9.011875 9.022805 144.7362 9.011875 8.992943 144.7362 9.015603 9.021261 144.7362 9.015603 8.994487 144.7362 9.018804 9.018804 144.7362 9.018804 8.996944 144.7362 9.021261 9.000145 144.7362 9.021261 9.015603 144.7362 9.022805 9.011875 144.7362 9.022805 9.003873 144.7362 9.023332 9.007874 144.7362</float_array>
                    <technique_common>
                        <accessor count="24" source="#ID17" stride="3">
                            <param name="X" type="float" />
                            <param name="Y" type="float" />
                            <param name="Z" type="float" />
                        </accessor>
                    </technique_common>
                </source>
                <source id="ID15">
                    <float_array id="ID18" count="72">6.315478e-18 -1.0458e-17 1 6.315478e-18 -1.0458e-17 1 6.315478e-18 -1.0458e-17 1 6.315478e-18 -1.0458e-17 1 6.315478e-18 -1.0458e-17 1 6.315478e-18 -1.0458e-17 1 6.315478e-18 -1.0458e-17 1 6.315478e-18 -1.0458e-17 1 6.315478e-18 -1.0458e-17 1 6.315478e-18 -1.0458e-17 1 6.315478e-18 -1.0458e-17 1 6.315478e-18 -1.0458e-17 1 6.315478e-18 -1.0458e-17 1 6.315478e-18 -1.0458e-17 1 6.315478e-18 -1.0458e-17 1 6.315478e-18 -1.0458e-17 1 6.315478e-18 -1.0458e-17 1 6.315478e-18 -1.0458e-17 1 6.315478e-18 -1.0458e-17 1 6.315478e-18 -1.0458e-17 1 6.315478e-18 -1.0458e-17 1 6.315478e-18 -1.0458e-17 1 6.315478e-18 -1.0458e-17 1 6.315478e-18 -1.0458e-17 1</float_array>
                    <technique_common>
                        <accessor count="24" source="#ID18" stride="3">
                            <param name="X" type="float" />
                            <param name="Y" type="float" />
                            <param name="Z" type="float" />
                        </accessor>
                    </technique_common>
                </source>
                <vertices id="ID16">
                    <input semantic="POSITION" source="#ID14" />
                    <input semantic="NORMAL" source="#ID15" />
                </vertices>
                <triangles count="22" material="Material2">
                    <input offset="0" semantic="VERTEX" source="#ID16" />
                    <p>0 1 2 1 0 3 3 0 4 3 4 5 5 4 6 5 6 7 7 6 8 7 8 9 7 9 10 10 9 11 11 9 12 11 12 13 13 12 14 13 14 15 15 14 16 15 16 17 17 16 18 17 18 19 17 19 20 20 19 21 21 19 22 21 22 23</p>
                </triangles>
            </mesh>
        </geometry>
        <geometry id="ID19">
            <mesh>
                <source id="ID22">
                    <float_array id="ID25" count="144">9.003873 8.992943 144.7362 4.503937 1.206826 0 6.676465 0.3069359 -1.421085e-14 9.000145 8.994487 144.7362 9.007874 8.992417 144.7362 9.007874 0 -1.421085e-14 2.638345 2.638345 0 8.996944 8.996944 144.7362 11.33928 0.3069359 0 9.011875 8.992943 144.7362 1.206826 4.503937 0 8.994487 9.000145 144.7362 9.015603 8.994487 144.7362 13.51181 1.206826 0 0.3069359 6.676465 0 8.992943 9.003873 144.7362 9.018804 8.996944 144.7362 15.3774 2.638345 0 1.776357e-15 9.007874 0 8.992417 9.007874 144.7362 16.80892 4.503937 0 9.021261 9.000145 144.7362 8.992943 9.011875 144.7362 0.3069359 11.33928 0 17.70881 6.676465 0 9.022805 9.003873 144.7362 8.994487 9.015603 144.7362 1.206826 13.51181 0 18.01575 9.007874 0 9.023332 9.007874 144.7362 8.996944 9.018804 144.7362 2.638345 15.3774 0 17.70881 11.33928 0 9.022805 9.011875 144.7362 4.503937 16.80892 0 9.000145 9.021261 144.7362 9.021261 9.015603 144.7362 16.80892 13.51181 0 6.676465 17.70881 0 9.003873 9.022805 144.7362 9.018804 9.018804 144.7362 15.3774 15.3774 0 9.007874 9.023332 144.7362 9.007874 18.01575 -1.421085e-14 9.015603 9.021261 144.7362 13.51181 16.80892 0 11.33928 17.70881 -1.421085e-14 9.011875 9.022805 144.7362</float_array>
                    <technique_common>
                        <accessor count="48" source="#ID25" stride="3">
                            <param name="X" type="float" />
                            <param name="Y" type="float" />
                            <param name="Z" type="float" />
                        </accessor>
                    </technique_common>
                </source>
                <source id="ID23">
                    <float_array id="ID26" count="144">-0.258321 -0.9640669 0.06201012 -0.4990378 -0.8643588 0.06201012 -0.258321 -0.9640669 0.06201012 -0.4990378 -0.8643588 0.06201012 5.896646e-13 -0.9980755 0.06201012 -7.076008e-16 -0.9980755 0.06201012 -0.705746 -0.705746 0.06201012 -0.705746 -0.705746 0.06201012 0.258321 -0.9640669 0.06201012 0.258321 -0.9640669 0.06201012 -0.8643588 -0.4990378 0.06201012 -0.8643588 -0.4990378 0.06201012 0.4990378 -0.8643588 0.06201012 0.4990378 -0.8643588 0.06201012 -0.9640669 -0.258321 0.06201012 -0.9640669 -0.258321 0.06201012 0.705746 -0.705746 0.06201012 0.705746 -0.705746 0.06201012 -0.9980755 3.13494e-16 0.06201012 -0.9980755 -5.336813e-15 0.06201012 0.8643588 -0.4990378 0.06201012 0.8643588 -0.4990378 0.06201012 -0.9640669 0.258321 0.06201012 -0.9640669 0.258321 0.06201012 0.9640669 -0.258321 0.06201012 0.9640669 -0.258321 0.06201012 -0.8643588 0.4990378 0.06201012 -0.8643588 0.4990378 0.06201012 0.9980755 6.628159e-16 0.06201012 0.9980755 5.817037e-13 0.06201012 -0.705746 0.705746 0.06201012 -0.705746 0.705746 0.06201012 0.9640669 0.258321 0.06201012 0.9640669 0.258321 0.06201012 -0.4990378 0.8643588 0.06201012 -0.4990378 0.8643588 0.06201012 0.8643588 0.4990378 0.06201012 0.8643588 0.4990378 0.06201012 -0.258321 0.9640669 0.06201012 -0.258321 0.9640669 0.06201012 0.705746 0.705746 0.06201012 0.705746 0.705746 0.06201012 5.86881e-13 0.9980755 0.06201012 5.105474e-16 0.9980755 0.06201012 0.4990378 0.8643588 0.06201012 0.4990378 0.8643588 0.06201012 0.258321 0.9640669 0.06201012 0.258321 0.9640669 0.06201012</float_array>
                    <technique_common>
                        <accessor count="48" source="#ID26" stride="3">
                            <param name="X" type="float" />
                            <param name="Y" type="float" />
                            <param name="Z" type="float" />
                        </accessor>
                    </technique_common>
                </source>
                <vertices id="ID24">
                    <input semantic="POSITION" source="#ID22" />
                    <input semantic="NORMAL" source="#ID23" />
                </vertices>
                <triangles count="48" material="Material2">
                    <input offset="0" semantic="VERTEX" source="#ID24" />
                    <p>0 1 2 1 0 3 4 2 5 2 4 0 3 6 1 6 3 7 8 4 5 4 8 9 7 10 6 10 7 11 12 8 13 8 12 9 11 14 10 14 11 15 16 13 17 13 16 12 15 18 14 18 15 19 20 16 17 16 20 21 22 18 19 18 22 23 24 21 20 21 24 25 26 23 22 23 26 27 28 25 24 25 28 29 30 27 26 27 30 31 32 29 28 29 32 33 30 34 31 34 30 35 32 36 33 36 32 37 35 38 34 38 35 39 37 40 36 40 37 41 38 42 43 42 38 39 44 41 45 41 44 40 42 46 43 46 42 47 47 45 46 45 47 44</p>
                </triangles>
            </mesh>
        </geometry>
        <geometry id="ID29">
            <mesh>
                <source id="ID32">
                    <float_array id="ID35" count="798">158.3008 87.00997 100.9595 149.386 68.09221 120.3027 157.3297 66.65834 100.9595 150.2566 86.33898 120.3027 143.8223 50.69252 120.3027 151.1243 47.25151 100.9595 161.0446 87.23883 80.20179 160.0392 66.16927 80.20179 146.375 104.1894 120.3027 153.9715 106.9195 100.9595 136.7492 70.37317 136.913 137.4601 85.2716 136.913 133.9449 35.32569 120.3027 140.1075 30.11203 100.9595 153.6149 46.07784 80.20179 132.2066 56.16639 136.913 157.3297 66.65834 59.44404 158.3008 87.00997 59.44404 156.5625 107.8507 80.20179 138.0056 120.4269 120.3027 144.6366 125.0301 100.9595 134.2908 99.84637 136.913 120.7834 83.88056 149.6586 120.2807 73.34578 149.6586 125.0301 16.40792 100.9595 120.4269 23.03892 120.3027 142.2094 28.33375 80.20179 124.1417 43.61942 136.913 151.1243 47.25151 59.44404 117.0686 63.30006 149.6586 149.386 68.09221 40.1009 150.2566 86.33898 40.1009 153.9715 106.9195 59.44404 146.8983 126.6001 80.20179 125.7189 133.9449 120.3027 130.9325 140.1075 100.9595 127.4572 113.1042 136.913 118.5424 94.18647 149.6586 101.363 82.26065 157.6708 101.1028 76.80745 157.6708 106.9195 7.073108 100.9595 104.1894 14.66955 120.3027 126.6001 14.14622 80.20179 113.1042 33.58731 136.913 140.1075 30.11203 59.44404 111.3659 54.42801 149.6586 143.8223 50.69252 40.1009 99.44004 71.6074 157.6708 136.7492 70.37317 23.49056 137.4601 85.2716 23.49056 146.375 104.1894 40.1009 144.6366 125.0301 59.44404 132.7108 142.2094 80.20179 110.352 143.8223 120.3027 113.7931 151.1243 100.9595 117.4251 124.1417 136.913 113.7103 103.5612 149.6586 100.2029 87.59539 157.6708 80.52228 80.52228 160.4036 87.00997 2.74373 100.9595 86.33898 10.78794 120.3027 107.8507 4.482101 80.20179 99.84637 26.75375 136.913 125.0301 16.40792 59.44404 103.5612 47.33425 149.6586 133.9449 35.32569 40.1009 96.48809 67.01489 157.6708 132.2066 56.16639 23.49056 120.7834 83.88056 10.745 120.2807 73.34578 10.745 134.2908 99.84637 23.49056 138.0056 120.4269 40.1009 130.9325 140.1075 59.44404 114.9667 153.6149 80.20179 92.95235 149.386 120.3027 94.38622 157.3297 100.9595 104.8782 132.2066 136.913 106.6165 111.3659 149.6586 97.70167 92.4481 157.6708 66.65834 3.714832 100.9595 68.09221 11.65861 120.3027 87.23883 0 80.20179 85.2716 23.58443 136.913 106.9195 7.073108 59.44404 94.18647 42.50219 149.6586 120.4269 23.03892 40.1009 92.4481 63.34289 157.6708 124.1417 43.61942 23.49056 117.0686 63.30006 10.745 101.363 82.26065 2.73281 101.1028 76.80745 2.73281 118.5424 94.18647 10.745 127.4572 113.1042 23.49056 125.7189 133.9449 40.1009 113.7931 151.1243 59.44404 94.87529 160.0392 80.20179 74.70558 150.2566 120.3027 74.03459 158.3008 100.9595 90.67139 136.7492 136.913 97.7445 117.0686 149.6586 94.02967 96.48809 157.6708 47.25151 9.920235 100.9595 50.69252 17.22222 120.3027 66.16927 1.005359 80.20179 70.37317 24.29533 136.913 87.00997 2.74373 59.44404 83.88056 40.26114 149.6586 104.1894 14.66955 40.1009 87.59539 60.84163 157.6708 113.1042 33.58731 23.49056 111.3659 54.42801 10.745 99.44004 71.6074 2.73281 80.52228 80.52228 0 100.2029 87.59539 2.73281 113.7103 103.5612 10.745 117.4251 124.1417 23.49056 110.352 143.8223 40.1009 94.38622 157.3297 59.44404 73.80573 161.0446 80.20179 56.8552 146.375 120.3027 54.12508 153.9715 100.9595 75.77296 137.4601 136.913 87.69878 120.2807 149.6586 89.43716 99.44004 157.6708 30.11203 20.93705 100.9595 35.32569 27.09962 120.3027 46.07784 7.429665 80.20179 56.16639 28.838 136.913 66.65834 3.714832 59.44404 73.34578 40.76382 149.6586 86.33898 10.78794 40.1009 82.26065 59.68158 157.6708 99.84637 26.75375 23.49056 103.5612 47.33425 10.745 96.48809 67.01489 2.73281 97.70167 92.4481 2.73281 106.6165 111.3659 10.745 104.8782 132.2066 23.49056 92.95235 149.386 40.1009 74.03459 158.3008 59.44404 53.19389 156.5625 80.20179 40.6177 138.0056 120.3027 36.0145 144.6366 100.9595 61.19819 134.2908 136.913 77.164 120.7834 149.6586 84.23711 101.1028 157.6708 16.40792 36.0145 100.9595 23.03892 40.6177 120.3027 28.33375 18.83511 80.20179 43.61942 36.90286 136.913 47.25151 9.920235 59.44404 63.30006 43.97597 149.6586 68.09221 11.65861 40.1009 76.80745 59.94179 157.6708 85.2716 23.58443 23.49056 94.18647 42.50219 10.745 92.4481 63.34289 2.73281 94.02967 96.48809 2.73281 97.7445 117.0686 10.745 90.67139 136.7492 23.49056 74.70558 150.2566 40.1009 54.12508 153.9715 59.44404 34.44444 146.8983 80.20179 27.09962 125.7189 120.3027 20.93705 130.9325 100.9595 47.94032 127.4572 136.913 66.85809 118.5424 149.6586 78.78391 101.363 157.6708 7.073108 54.12508 100.9595 14.66955 56.8552 120.3027 14.14622 34.44444 80.20179 33.58731 47.94032 136.913 30.11203 20.93705 59.44404 54.42801 49.6787 149.6586 50.69252 17.22222 40.1009 71.6074 61.60452 157.6708 70.37317 24.29533 23.49056 83.88056 40.26114 10.745 87.59539 60.84163 2.73281 89.43716 99.44004 2.73281 87.69878 120.2807 10.745 75.77296 137.4601 23.49056 56.8552 146.375 40.1009 36.0145 144.6366 59.44404 18.83511 132.7108 80.20179 9.920235 113.7931 100.9595 17.22222 110.352 120.3027 36.90286 117.4251 136.913 57.48336 113.7103 149.6586 73.44917 100.2029 157.6708 2.74373 74.03459 100.9595 10.78794 74.70558 120.3027 4.482101 53.19389 80.20179 26.75375 61.19819 136.913 16.40792 36.0145 59.44404 47.33425 57.48336 149.6586 35.32569 27.09962 40.1009 67.01489 64.55647 157.6708 56.16639 28.838 23.49056 73.34578 40.76382 10.745 82.26065 59.68158 2.73281 84.23711 101.1028 2.73281 77.164 120.7834 10.745 61.19819 134.2908 23.49056 40.6177 138.0056 40.1009 20.93705 130.9325 59.44404 7.429665 114.9667 80.20179 3.714832 94.38622 100.9595 11.65861 92.95235 120.3027 28.838 104.8782 136.913 49.6787 106.6165 149.6586 68.59646 97.70167 157.6708 0 73.80573 80.20179 23.58443 75.77296 136.913 7.073108 54.12508 59.44404 42.50219 66.85809 149.6586 23.03892 40.6177 40.1009 63.34289 68.59646 157.6708 43.61942 36.90286 23.49056 63.30006 43.97597 10.745 76.80745 59.94179 2.73281 78.78391 101.363 2.73281 66.85809 118.5424 10.745 47.94032 127.4572 23.49056 27.09962 125.7189 40.1009 9.920235 113.7931 59.44404 1.005359 94.87529 80.20179 24.29533 90.67139 136.913 43.97597 97.7445 149.6586 64.55647 94.02967 157.6708 2.74373 74.03459 59.44404 40.26114 77.164 149.6586 14.66955 56.8552 40.1009 60.84163 73.44917 157.6708 33.58731 47.94032 23.49056 54.42801 49.6787 10.745 71.6074 61.60452 2.73281 73.44917 100.2029 2.73281 57.48336 113.7103 10.745 36.90286 117.4251 23.49056 17.22222 110.352 40.1009 3.714832 94.38622 59.44404 40.76382 87.69878 149.6586 61.60452 89.43716 157.6708 10.78794 74.70558 40.1009 59.68158 78.78391 157.6708 26.75375 61.19819 23.49056 47.33425 57.48336 10.745 67.01489 64.55647 2.73281 68.59646 97.70167 2.73281 49.6787 106.6165 10.745 28.838 104.8782 23.49056 11.65861 92.95235 40.1009 59.94179 84.23711 157.6708 23.58443 75.77296 23.49056 42.50219 66.85809 10.745 63.34289 68.59646 2.73281 64.55647 94.02967 2.73281 43.97597 97.7445 10.745 24.29533 90.67139 23.49056 40.26114 77.164 10.745 60.84163 73.44917 2.73281 61.60452 89.43716 2.73281 40.76382 87.69878 10.745 59.68158 78.78391 2.73281 59.94179 84.23711 2.73281</float_array>
                    <technique_common>
                        <accessor count="266" source="#ID35" stride="3">
                            <param name="X" type="float" />
                            <param name="Y" type="float" />
                            <param name="Z" type="float" />
                        </accessor>
                    </technique_common>
                </source>
                <source id="ID33">
