<?xml version="1.0" encoding="UTF-8" standalone="no" ?>
<COLLADA xmlns="http://www.collada.org/2005/11/COLLADASchema" version="1.4.1">
    <asset>
        <contributor>
            <authoring_tool>SketchUp 15.3.331</authoring_tool>
        </contributor>
        <created>2017-12-31T00:56:17Z</created>
        <modified>2017-12-31T00:56:17Z</modified>
        <unit meter="0.0254" name="inch" />
        <up_axis>Z_UP</up_axis>
    </asset>
    <library_cameras>
        <camera id="ID1" name="skp_camera_Last_Saved_SketchUp_View">
            <optics>
                <technique_common>
                    <perspective>
                        <yfov>35</yfov>
                        <aspect_ratio>0</aspect_ratio>
                        <znear>1</znear>
                        <zfar>1000</zfar>
                    </perspective>
                </technique_common>
            </optics>
        </camera>
    </library_cameras>
    <library_visual_scenes>
        <visual_scene id="ID2">
            <node name="SketchUp">
                <node name="skp_camera_Last_Saved_SketchUp_View">
                    <matrix>-0.9999962 -0.001278168 0.002458622 -0.02555086 0.002771017 -0.4612614 0.88726 1136.253 -2.168404e-19 0.8872634 0.4612632 561.0262 0 0 0 1</matrix>
                    <instance_camera url="#ID1" />
                </node>
                <node id="ID3" name="instance_0">
                    <matrix>0.309017 -0.9510565 0 54.19564 0.9510565 0.309017 0 -17.60923 -0 0 1 74.5939 0 0 0 1</matrix>
                    <instance_node url="#ID4" />
                </node>
                <node id="ID25" name="instance_3">
                    <matrix>0.309017 -0.9510565 0 95.59743 0.9510565 0.309017 0 -74.5939 -0 0 1 109.8124 0 0 0 1</matrix>
                    <instance_node url="#ID4" />
                </node>
                <node id="ID26" name="instance_4">
                    <matrix>0.309017 -0.9510565 0 121.1851 0.9510565 0.309017 0 4.156976 -0 0 1 109.8124 0 0 0 1</matrix>
                    <instance_node url="#ID4" />
                </node>
                <node id="ID27" name="instance_5">
                    <matrix>0.309017 -0.9510565 0 162.5869 0.9510565 0.309017 0 -52.8277 -0 0 1 145.0308 0 0 0 1</matrix>
                    <instance_node url="#ID4" />
                </node>
                <node id="ID28" name="instance_6">
                    <matrix>0.309017 -0.9510565 0 95.59743 0.9510565 0.309017 0 -74.5939 -0 0 1 188.5632 0 0 0 1</matrix>
                    <instance_node url="#ID4" />
                </node>
                <node id="ID29" name="instance_7">
                    <matrix>0.309017 -0.9510565 0 162.5869 0.9510565 0.309017 0 -52.8277 -0 0 1 223.7817 0 0 0 1</matrix>
                    <instance_node url="#ID4" />
                </node>
                <node id="ID30" name="instance_8">
                    <matrix>0.309017 -0.9510565 0 121.1851 0.9510565 0.309017 0 4.156976 -0 0 1 188.5632 0 0 0 1</matrix>
                    <instance_node url="#ID4" />
                </node>
                <node id="ID31" name="instance_9">
                    <matrix>0.309017 -0.9510565 0 54.19564 0.9510565 0.309017 0 -17.60923 -0 0 1 153.3448 0 0 0 1</matrix>
                    <instance_node url="#ID4" />
                </node>
                <node id="ID32" name="instance_10">
                    <matrix>-0.809017 -0.5877853 0 33.49475 0.5877853 -0.809017 0 46.10157 0 0 1 74.5939 0 0 0 1</matrix>
                    <instance_node url="#ID33" />
                </node>
                <node id="ID45" name="instance_13">
                    <matrix>-0.809017 -0.5877853 0 33.49475 0.5877853 -0.809017 0 116.5385 0 0 1 109.8124 0 0 0 1</matrix>
                    <instance_node url="#ID33" />
                </node>
                <node id="ID46" name="instance_14">
                    <matrix>-0.809017 -0.5877853 0 100.4842 0.5877853 -0.809017 0 67.86778 0 0 1 109.8124 0 0 0 1</matrix>
                    <instance_node url="#ID33" />
                </node>
                <node id="ID47" name="instance_15">
                    <matrix>-0.809017 -0.5877853 0 100.4842 0.5877853 -0.809017 0 138.3047 0 0 1 145.0308 0 0 0 1</matrix>
                    <instance_node url="#ID33" />
                </node>
                <node id="ID48" name="instance_16">
                    <matrix>-0.809017 -0.5877853 0 100.4842 0.5877853 -0.809017 0 138.3047 0 0 1 223.7817 0 0 0 1</matrix>
                    <instance_node url="#ID33" />
                </node>
                <node id="ID49" name="instance_17">
                    <matrix>-0.809017 -0.5877853 0 100.4842 0.5877853 -0.809017 0 67.86778 0 0 1 188.5632 0 0 0 1</matrix>
                    <instance_node url="#ID33" />
                </node>
                <node id="ID50" name="instance_18">
                    <matrix>-0.809017 -0.5877853 0 33.49475 0.5877853 -0.809017 0 46.10157 0 0 1 153.3448 0 0 0 1</matrix>
                    <instance_node url="#ID33" />
                </node>
                <node id="ID51" name="instance_19">
                    <matrix>-0.809017 -0.5877853 0 33.49475 0.5877853 -0.809017 0 116.5385 0 0 1 188.5632 0 0 0 1</matrix>
                    <instance_node url="#ID33" />
                </node>
                <node id="ID52" name="instance_20">
                    <matrix>1 0 0 41.40179 0 1 0 -113.9693 0 0 1 109.8124 0 0 0 1</matrix>
                    <instance_node url="#ID53" />
                </node>
                <node id="ID65" name="instance_23">
                    <matrix>1 0 0 -7.915446e-12 0 1 0 -56.98467 0 0 1 74.5939 0 0 0 1</matrix>
                    <instance_node url="#ID53" />
                </node>
                <node id="ID66" name="instance_24">
                    <matrix>1 0 0 6.863843e-12 0 1 0 -170.954 0 0 1 145.0308 0 0 0 1</matrix>
                    <instance_node url="#ID53" />
                </node>
                <node id="ID67" name="instance_25">
                    <matrix>1 0 0 -41.40179 0 1 0 -113.9693 0 0 1 109.8124 0 0 0 1</matrix>
                    <instance_node url="#ID53" />
                </node>
                <node id="ID68" name="instance_26">
                    <matrix>1 0 0 1.254818e-11 0 1 0 -170.954 0 0 1 223.7817 0 0 0 1</matrix>
                    <instance_node url="#ID53" />
                </node>
                <node id="ID69" name="instance_27">
                    <matrix>1 0 0 -41.40179 0 1 0 -113.9693 0 0 1 188.5632 0 0 0 1</matrix>
                    <instance_node url="#ID53" />
                </node>
                <node id="ID70" name="instance_28">
                    <matrix>1 0 0 -2.231104e-12 0 1 0 -56.98467 0 0 1 153.3448 0 0 0 1</matrix>
                    <instance_node url="#ID53" />
                </node>
                <node id="ID71" name="instance_29">
                    <matrix>1 0 0 41.40179 0 1 0 -113.9693 0 0 1 188.5632 0 0 0 1</matrix>
                    <instance_node url="#ID53" />
                </node>
                <node id="ID72" name="instance_30">
                    <matrix>0.309017 0.9510565 0 -95.59743 -0.9510565 0.309017 0 -74.5939 0 -0 1 109.8124 0 0 0 1</matrix>
                    <instance_node url="#ID73" />
                </node>
                <node id="ID85" name="instance_33">
                    <matrix>0.309017 0.9510565 0 -54.19564 -0.9510565 0.309017 0 -17.60923 0 -0 1 74.5939 0 0 0 1</matrix>
                    <instance_node url="#ID73" />
                </node>
                <node id="ID86" name="instance_34">
                    <matrix>0.309017 0.9510565 0 -121.1851 -0.9510565 0.309017 0 4.156976 0 -0 1 109.8124 0 0 0 1</matrix>
                    <instance_node url="#ID73" />
                </node>
                <node id="ID87" name="instance_35">
                    <matrix>0.309017 0.9510565 0 -162.5869 -0.9510565 0.309017 0 -52.8277 0 -0 1 145.0308 0 0 0 1</matrix>
                    <instance_node url="#ID73" />
                </node>
                <node id="ID88" name="instance_36">
                    <matrix>0.309017 0.9510565 0 -121.1851 -0.9510565 0.309017 0 4.156976 0 -0 1 188.5632 0 0 0 1</matrix>
                    <instance_node url="#ID73" />
                </node>
                <node id="ID89" name="instance_37">
                    <matrix>0.309017 0.9510565 0 -95.59743 -0.9510565 0.309017 0 -74.5939 0 -0 1 188.5632 0 0 0 1</matrix>
                    <instance_node url="#ID73" />
                </node>
                <node id="ID90" name="instance_38">
                    <matrix>0.309017 0.9510565 0 -54.19564 -0.9510565 0.309017 0 -17.60923 0 -0 1 153.3448 0 0 0 1</matrix>
                    <instance_node url="#ID73" />
                </node>
                <node id="ID91" name="instance_39">
                    <matrix>0.309017 0.9510565 0 -162.5869 -0.9510565 0.309017 0 -52.8277 0 -0 1 223.7817 0 0 0 1</matrix>
                    <instance_node url="#ID73" />
                </node>
                <node id="ID92" name="instance_40">
                    <matrix>-0.809017 0.5877853 0 -100.4842 -0.5877853 -0.809017 0 67.86778 0 0 1 109.8124 0 0 0 1</matrix>
                    <instance_node url="#ID93" />
                </node>
                <node id="ID105" name="instance_43">
                    <matrix>-0.809017 0.5877853 0 -33.49475 -0.5877853 -0.809017 0 46.10157 0 0 1 74.5939 0 0 0 1</matrix>
                    <instance_node url="#ID93" />
                </node>
                <node id="ID106" name="instance_44">
                    <matrix>-0.809017 0.5877853 0 -100.4842 -0.5877853 -0.809017 0 138.3047 0 0 1 145.0308 0 0 0 1</matrix>
                    <instance_node url="#ID93" />
                </node>
                <node id="ID107" name="instance_45">
                    <matrix>-0.809017 0.5877853 0 -33.49475 -0.5877853 -0.809017 0 116.5385 0 0 1 109.8124 0 0 0 1</matrix>
                    <instance_node url="#ID93" />
                </node>
                <node id="ID108" name="instance_46">
                    <matrix>-0.809017 0.5877853 0 -33.49475 -0.5877853 -0.809017 0 116.5385 0 0 1 188.5632 0 0 0 1</matrix>
                    <instance_node url="#ID93" />
                </node>
                <node id="ID109" name="instance_47">
                    <matrix>-0.809017 0.5877853 0 -33.49475 -0.5877853 -0.809017 0 46.10157 0 0 1 153.3448 0 0 0 1</matrix>
                    <instance_node url="#ID93" />
                </node>
                <node id="ID110" name="instance_48">
                    <matrix>-0.809017 0.5877853 0 -100.4842 -0.5877853 -0.809017 0 67.86778 0 0 1 188.5632 0 0 0 1</matrix>
                    <instance_node url="#ID93" />
                </node>
                <node id="ID111" name="instance_49">
                    <matrix>-0.809017 0.5877853 0 -100.4842 -0.5877853 -0.809017 0 138.3047 0 0 1 223.7817 0 0 0 1</matrix>
                    <instance_node url="#ID93" />
                </node>
                <node id="ID112" name="instance_50">
                    <matrix>0.309017 0.9510565 0 -154.6799 -0.9510565 0.309017 0 -50.25854 0 -0 1 -17.60923 0 0 0 1</matrix>
                    <instance_node url="#ID113" />
                </node>
                <node id="ID123" name="instance_53">
                    <matrix>0.309017 0.9510565 0 -87.69039 -0.9510565 0.309017 0 -28.49234 0 -0 1 17.60923 0 0 0 1</matrix>
                    <instance_node url="#ID113" />
                </node>
                <node id="ID124" name="instance_54">
                    <matrix>0.309017 0.9510565 0 -196.0817 -0.9510565 0.309017 0 -107.2432 0 -0 1 17.60923 0 0 0 1</matrix>
                    <instance_node url="#ID113" />
                </node>
                <node id="ID125" name="instance_55">
                    <matrix>0.309017 0.9510565 0 -129.0922 -0.9510565 0.309017 0 -85.47701 0 -0 1 52.8277 0 0 0 1</matrix>
                    <instance_node url="#ID113" />
                </node>
                <node id="ID126" name="instance_56">
                    <matrix>0.309017 0.9510565 0 -263.0712 -0.9510565 0.309017 0 -85.47701 0 -0 1 52.8277 0 0 0 1</matrix>
                    <instance_node url="#ID113" />
                </node>
                <node id="ID127" name="instance_57">
                    <matrix>0.309017 0.9510565 0 -154.6799 -0.9510565 0.309017 0 -6.726128 0 -0 1 52.8277 0 0 0 1</matrix>
                    <instance_node url="#ID113" />
                </node>
                <node id="ID128" name="instance_58">
                    <matrix>0.309017 0.9510565 0 -196.0817 -0.9510565 0.309017 0 -63.7108 0 -0 1 88.04616 0 0 0 1</matrix>
                    <instance_node url="#ID113" />
                </node>
                <node id="ID129" name="instance_59">
                    <matrix>0.309017 0.9510565 0 -221.6694 -0.9510565 0.309017 0 -28.49234 0 -0 1 17.60923 0 0 0 1</matrix>
                    <instance_node url="#ID113" />
                </node>
                <node id="ID130" name="instance_60">
                    <matrix>-0.809017 0.5877853 0 -121.1851 0.5877853 0.809017 7.21645e-16 -166.797 4.241723e-16 5.83823e-16 -1 -88.04616 0 0 0 1</matrix>
                    <instance_node url="#ID131" />
                </node>
                <node id="ID134" name="instance_63">
                    <matrix>-0.809017 0.5877853 0 -54.19564 0.5877853 0.809017 7.21645e-16 -145.0308 4.241723e-16 5.83823e-16 -1 -52.8277 0 0 0 1</matrix>
                    <instance_node url="#ID131" />
                </node>
                <node id="ID135" name="instance_64">
                    <matrix>-0.809017 0.5877853 0 -54.19564 0.5877853 0.809017 7.21645e-16 -74.5939 4.241723e-16 5.83823e-16 -1 -17.60923 0 0 0 1</matrix>
                    <instance_node url="#ID131" />
                </node>
                <node id="ID136" name="instance_65">
                    <matrix>-0.809017 0.5877853 0 -121.1851 0.5877853 0.809017 7.21645e-16 -96.36011 4.241723e-16 5.83823e-16 -1 -52.8277 0 0 0 1</matrix>
                    <instance_node url="#ID131" />
                </node>
                <node id="ID137" name="instance_66">
                    <matrix>-0.809017 0.5877853 0 -95.59743 0.5877853 0.809017 7.21645e-16 -131.5786 4.241723e-16 5.83823e-16 -1 17.60923 0 0 0 1</matrix>
                    <instance_node url="#ID131" />
                </node>
                <node id="ID138" name="instance_67">
                    <matrix>-0.809017 0.5877853 0 -162.5869 0.5877853 0.809017 7.21645e-16 -223.7817 4.241723e-16 5.83823e-16 -1 -52.8277 0 0 0 1</matrix>
                    <instance_node url="#ID131" />
                </node>
                <node id="ID139" name="instance_68">
                    <matrix>-0.809017 0.5877853 0 -95.59743 0.5877853 0.809017 7.21645e-16 -202.0155 4.241723e-16 5.83823e-16 -1 -17.60923 0 0 0 1</matrix>
                    <instance_node url="#ID131" />
                </node>
                <node id="ID140" name="instance_69">
                    <matrix>-0.809017 0.5877853 0 -162.5869 0.5877853 0.809017 7.21645e-16 -153.3448 4.241723e-16 5.83823e-16 -1 -17.60923 0 0 0 1</matrix>
                    <instance_node url="#ID131" />
                </node>
                <node id="ID141" name="instance_70">
                    <matrix>1 0 0 -41.40179 0 1 0 -219.6247 0 0 1 17.60923 0 0 0 1</matrix>
                    <instance_node url="#ID142" />
                </node>
                <node id="ID145" name="instance_73">
                    <matrix>1 0 0 2.273737e-12 0 1 0 -276.6094 0 0 1 52.8277 0 0 0 1</matrix>
                    <instance_node url="#ID142" />
                </node>
                <node id="ID146" name="instance_74">
                    <matrix>1 0 0 2.273737e-12 0 1 0 -206.1725 0 0 1 88.04616 0 0 0 1</matrix>
                    <instance_node url="#ID142" />
                </node>
                <node id="ID147" name="instance_75">
                    <matrix>1 0 0 -41.40179 0 1 0 -149.1878 0 0 1 52.8277 0 0 0 1</matrix>
                    <instance_node url="#ID142" />
                </node>
                <node id="ID148" name="instance_76">
                    <matrix>1 0 0 4.547474e-12 0 1 0 -162.6401 0 0 1 -17.60923 0 0 0 1</matrix>
                    <instance_node url="#ID142" />
                </node>
                <node id="ID149" name="instance_77">
                    <matrix>1 0 0 41.40179 0 1 0 -149.1878 0 0 1 52.8277 0 0 0 1</matrix>
                    <instance_node url="#ID142" />
                </node>
                <node id="ID150" name="instance_78">
                    <matrix>1 0 0 4.547474e-12 0 1 0 -92.20314 0 0 1 17.60923 0 0 0 1</matrix>
                    <instance_node url="#ID142" />
                </node>
                <node id="ID151" name="instance_79">
                    <matrix>1 0 0 41.40179 0 1 0 -219.6247 0 0 1 17.60923 0 0 0 1</matrix>
                    <instance_node url="#ID142" />
                </node>
                <node id="ID152" name="instance_80">
                    <matrix>-0.809017 -0.5877853 -4.241723e-16 54.19564 -0.5877853 0.809017 -5.83823e-16 -145.0308 6.863251e-16 -2.230006e-16 -1 -52.8277 0 0 0 1</matrix>
                    <instance_node url="#ID113" />
                </node>
                <node id="ID153" name="instance_81">
                    <matrix>-0.809017 -0.5877853 -4.241723e-16 54.19564 -0.5877853 0.809017 -5.83823e-16 -74.5939 6.863251e-16 -2.230006e-16 -1 -17.60923 0 0 0 1</matrix>
                    <instance_node url="#ID113" />
                </node>
                <node id="ID154" name="instance_82">
                    <matrix>-0.809017 -0.5877853 -4.241723e-16 121.1851 -0.5877853 0.809017 -5.83823e-16 -96.36011 6.863251e-16 -2.230006e-16 -1 -52.8277 0 0 0 1</matrix>
                    <instance_node url="#ID113" />
                </node>
                <node id="ID155" name="instance_83">
                    <matrix>-0.809017 -0.5877853 -4.241723e-16 121.1851 -0.5877853 0.809017 -5.83823e-16 -166.797 6.863251e-16 -2.230006e-16 -1 -88.04616 0 0 0 1</matrix>
                    <instance_node url="#ID113" />
                </node>
                <node id="ID156" name="instance_84">
                    <matrix>-0.809017 -0.5877853 -4.241723e-16 162.5869 -0.5877853 0.809017 -5.83823e-16 -153.3448 6.863251e-16 -2.230006e-16 -1 -17.60923 0 0 0 1</matrix>
                    <instance_node url="#ID113" />
                </node>
                <node id="ID157" name="instance_85">
                    <matrix>-0.809017 -0.5877853 -4.241723e-16 162.5869 -0.5877853 0.809017 -5.83823e-16 -223.7817 6.863251e-16 -2.230006e-16 -1 -52.8277 0 0 0 1</matrix>
                    <instance_node url="#ID113" />
                </node>
                <node id="ID158" name="instance_86">
                    <matrix>-0.809017 -0.5877853 -4.241723e-16 95.59743 -0.5877853 0.809017 -5.83823e-16 -131.5786 6.863251e-16 -2.230006e-16 -1 17.60923 0 0 0 1</matrix>
                    <instance_node url="#ID113" />
                </node>
                <node id="ID159" name="instance_87">
                    <matrix>-0.809017 -0.5877853 -4.241723e-16 95.59743 -0.5877853 0.809017 -5.83823e-16 -202.0155 6.863251e-16 -2.230006e-16 -1 -17.60923 0 0 0 1</matrix>
                    <instance_node url="#ID113" />
                </node>
                <node id="ID160" name="instance_88">
                    <matrix>0.309017 -0.9510565 0 196.0817 0.9510565 0.309017 0 -107.2432 -0 0 1 17.60923 0 0 0 1</matrix>
                    <instance_node url="#ID161" />
                </node>
                <node id="ID164" name="instance_91">
                    <matrix>0.309017 -0.9510565 0 154.6799 0.9510565 0.309017 0 -50.25854 -0 0 1 -17.60923 0 0 0 1</matrix>
                    <instance_node url="#ID161" />
                </node>
                <node id="ID165" name="instance_92">
                    <matrix>0.309017 -0.9510565 0 221.6694 0.9510565 0.309017 0 -28.49234 -0 0 1 17.60923 0 0 0 1</matrix>
                    <instance_node url="#ID161" />
                </node>
                <node id="ID166" name="instance_93">
                    <matrix>0.309017 -0.9510565 0 263.0712 0.9510565 0.309017 0 -85.47701 -0 0 1 52.8277 0 0 0 1</matrix>
                    <instance_node url="#ID161" />
                </node>
                <node id="ID167" name="instance_94">
                    <matrix>0.309017 -0.9510565 0 87.69039 0.9510565 0.309017 0 -28.49234 -0 0 1 17.60923 0 0 0 1</matrix>
                    <instance_node url="#ID161" />
                </node>
                <node id="ID168" name="instance_95">
                    <matrix>0.309017 -0.9510565 0 129.0922 0.9510565 0.309017 0 -85.47701 -0 0 1 52.8277 0 0 0 1</matrix>
                    <instance_node url="#ID161" />
                </node>
                <node id="ID169" name="instance_96">
                    <matrix>0.309017 -0.9510565 0 154.6799 0.9510565 0.309017 0 -6.726128 -0 0 1 52.8277 0 0 0 1</matrix>
                    <instance_node url="#ID161" />
                </node>
                <node id="ID170" name="instance_97">
                    <matrix>0.309017 -0.9510565 0 196.0817 0.9510565 0.309017 0 -63.7108 -0 0 1 88.04616 0 0 0 1</matrix>
                    <instance_node url="#ID161" />
                </node>
                <node id="ID171" name="instance_98">
                    <matrix>0.309017 -0.9510565 6.863251e-16 196.0817 -0.9510565 -0.309017 2.230006e-16 63.7108 3.451266e-31 -7.21645e-16 -1 -88.04616 0 0 0 1</matrix>
                    <instance_node url="#ID142" />
                </node>
                <node id="ID172" name="instance_99">
                    <matrix>0.309017 -0.9510565 6.863251e-16 129.0922 -0.9510565 -0.309017 2.230006e-16 85.47701 3.451266e-31 -7.21645e-16 -1 -52.8277 0 0 0 1</matrix>
                    <instance_node url="#ID142" />
                </node>
                <node id="ID173" name="instance_100">
                    <matrix>0.309017 -0.9510565 6.863251e-16 154.6799 -0.9510565 -0.309017 2.230006e-16 6.726128 3.451266e-31 -7.21645e-16 -1 -52.8277 0 0 0 1</matrix>
                    <instance_node url="#ID142" />
                </node>
                <node id="ID174" name="instance_101">
                    <matrix>0.309017 -0.9510565 6.863251e-16 87.69039 -0.9510565 -0.309017 2.230006e-16 28.49234 3.451266e-31 -7.21645e-16 -1 -17.60923 0 0 0 1</matrix>
                    <instance_node url="#ID142" />
                </node>
                <node id="ID175" name="instance_102">
                    <matrix>0.309017 -0.9510565 6.863251e-16 154.6799 -0.9510565 -0.309017 2.230006e-16 50.25854 3.451266e-31 -7.21645e-16 -1 17.60923 0 0 0 1</matrix>
                    <instance_node url="#ID142" />
                </node>
                <node id="ID176" name="instance_103">
                    <matrix>0.309017 -0.9510565 6.863251e-16 196.0817 -0.9510565 -0.309017 2.230006e-16 107.2432 3.451266e-31 -7.21645e-16 -1 -17.60923 0 0 0 1</matrix>
                    <instance_node url="#ID142" />
                </node>
                <node id="ID177" name="instance_104">
                    <matrix>0.309017 -0.9510565 6.863251e-16 263.0712 -0.9510565 -0.309017 2.230006e-16 85.47701 3.451266e-31 -7.21645e-16 -1 -52.8277 0 0 0 1</matrix>
                    <instance_node url="#ID142" />
                </node>
                <node id="ID178" name="instance_105">
                    <matrix>0.309017 -0.9510565 6.863251e-16 221.6694 -0.9510565 -0.309017 2.230006e-16 28.49234 3.451266e-31 -7.21645e-16 -1 -17.60923 0 0 0 1</matrix>
                    <instance_node url="#ID142" />
                </node>
                <node id="ID179" name="instance_106">
                    <matrix>-0.809017 -0.5877853 0 121.1851 0.5877853 -0.809017 0 166.797 0 0 1 88.04616 0 0 0 1</matrix>
                    <instance_node url="#ID180" />
                </node>
                <node id="ID183" name="instance_109">
                    <matrix>-0.809017 -0.5877853 0 54.19564 0.5877853 -0.809017 0 145.0308 0 0 1 52.8277 0 0 0 1</matrix>
                    <instance_node url="#ID180" />
                </node>
                <node id="ID184" name="instance_110">
                    <matrix>-0.809017 -0.5877853 0 121.1851 0.5877853 -0.809017 0 96.36011 0 0 1 52.8277 0 0 0 1</matrix>
                    <instance_node url="#ID180" />
                </node>
                <node id="ID185" name="instance_111">
                    <matrix>-0.809017 -0.5877853 0 54.19564 0.5877853 -0.809017 0 74.5939 0 0 1 17.60923 0 0 0 1</matrix>
                    <instance_node url="#ID180" />
                </node>
                <node id="ID186" name="instance_112">
                    <matrix>-0.809017 -0.5877853 0 95.59743 0.5877853 -0.809017 0 131.5786 0 0 1 -17.60923 0 0 0 1</matrix>
                    <instance_node url="#ID180" />
                </node>
                <node id="ID187" name="instance_113">
                    <matrix>-0.809017 -0.5877853 0 95.59743 0.5877853 -0.809017 0 202.0155 0 0 1 17.60923 0 0 0 1</matrix>
                    <instance_node url="#ID180" />
                </node>
                <node id="ID188" name="instance_114">
                    <matrix>-0.809017 -0.5877853 0 162.5869 0.5877853 -0.809017 0 223.7817 0 0 1 52.8277 0 0 0 1</matrix>
                    <instance_node url="#ID180" />
                </node>
                <node id="ID189" name="instance_115">
                    <matrix>-0.809017 -0.5877853 0 162.5869 0.5877853 -0.809017 0 153.3448 0 0 1 17.60923 0 0 0 1</matrix>
                    <instance_node url="#ID180" />
                </node>
                <node id="ID190" name="instance_116">
                    <matrix>1 -3.330669e-16 -6.863251e-16 -3.342393e-11 -3.330669e-16 -1 2.230006e-16 206.1725 -6.863251e-16 -2.230006e-16 -1 -88.04616 0 0 0 1</matrix>
                    <instance_node url="#ID161" />
                </node>
                <node id="ID191" name="instance_117">
                    <matrix>1 -3.330669e-16 -6.863251e-16 -41.40179 -3.330669e-16 -1 2.230006e-16 149.1878 -6.863251e-16 -2.230006e-16 -1 -52.8277 0 0 0 1</matrix>
                    <instance_node url="#ID161" />
                </node>
                <node id="ID192" name="instance_118">
                    <matrix>1 -3.330669e-16 -6.863251e-16 -3.160494e-11 -3.330669e-16 -1 2.230006e-16 92.20314 -6.863251e-16 -2.230006e-16 -1 -17.60923 0 0 0 1</matrix>
                    <instance_node url="#ID161" />
                </node>
                <node id="ID193" name="instance_119">
                    <matrix>1 -3.330669e-16 -6.863251e-16 41.40179 -3.330669e-16 -1 2.230006e-16 149.1878 -6.863251e-16 -2.230006e-16 -1 -52.8277 0 0 0 1</matrix>
                    <instance_node url="#ID161" />
                </node>
                <node id="ID194" name="instance_120">
                    <matrix>1 -3.330669e-16 -6.863251e-16 -3.160494e-11 -3.330669e-16 -1 2.230006e-16 162.6401 -6.863251e-16 -2.230006e-16 -1 17.60923 0 0 0 1</matrix>
                    <instance_node url="#ID161" />
                </node>
                <node id="ID195" name="instance_121">
                    <matrix>1 -3.330669e-16 -6.863251e-16 41.40179 -3.330669e-16 -1 2.230006e-16 219.6247 -6.863251e-16 -2.230006e-16 -1 -17.60923 0 0 0 1</matrix>
                    <instance_node url="#ID161" />
                </node>
                <node id="ID196" name="instance_122">
                    <matrix>1 -3.330669e-16 -6.863251e-16 -3.342393e-11 -3.330669e-16 -1 2.230006e-16 276.6094 -6.863251e-16 -2.230006e-16 -1 -52.8277 0 0 0 1</matrix>
                    <instance_node url="#ID161" />
                </node>
                <node id="ID197" name="instance_123">
                    <matrix>1 -3.330669e-16 -6.863251e-16 -41.40179 -3.330669e-16 -1 2.230006e-16 219.6247 -6.863251e-16 -2.230006e-16 -1 -17.60923 0 0 0 1</matrix>
                    <instance_node url="#ID161" />
                </node>
                <node id="ID198" name="instance_124">
                    <matrix>-0.809017 0.5877853 0 -95.59743 -0.5877853 -0.809017 0 131.5786 0 0 1 -17.60923 0 0 0 1</matrix>
                    <instance_node url="#ID131" />
                </node>
                <node id="ID199" name="instance_125">
                    <matrix>-0.809017 0.5877853 0 -162.5869 -0.5877853 -0.809017 0 153.3448 0 0 1 17.60923 0 0 0 1</matrix>
                    <instance_node url="#ID131" />
                </node>
                <node id="ID200" name="instance_126">
                    <matrix>-0.809017 0.5877853 0 -95.59743 -0.5877853 -0.809017 0 202.0155 0 0 1 17.60923 0 0 0 1</matrix>
                    <instance_node url="#ID131" />
                </node>
                <node id="ID201" name="instance_127">
                    <matrix>-0.809017 0.5877853 0 -162.5869 -0.5877853 -0.809017 0 223.7817 0 0 1 52.8277 0 0 0 1</matrix>
                    <instance_node url="#ID131" />
                </node>
                <node id="ID202" name="instance_128">
                    <matrix>-0.809017 0.5877853 0 -54.19564 -0.5877853 -0.809017 0 74.5939 0 0 1 17.60923 0 0 0 1</matrix>
                    <instance_node url="#ID131" />
                </node>
                <node id="ID203" name="instance_129">
                    <matrix>-0.809017 0.5877853 0 -54.19564 -0.5877853 -0.809017 0 145.0308 0 0 1 52.8277 0 0 0 1</matrix>
                    <instance_node url="#ID131" />
                </node>
                <node id="ID204" name="instance_130">
                    <matrix>-0.809017 0.5877853 0 -121.1851 -0.5877853 -0.809017 0 166.797 0 0 1 88.04616 0 0 0 1</matrix>
                    <instance_node url="#ID131" />
                </node>
                <node id="ID205" name="instance_131">
                    <matrix>-0.809017 0.5877853 0 -121.1851 -0.5877853 -0.809017 0 96.36011 0 0 1 52.8277 0 0 0 1</matrix>
                    <instance_node url="#ID131" />
                </node>
                <node id="ID206" name="instance_132">
                    <matrix>0.309017 0.9510565 4.241723e-16 -196.0817 0.9510565 -0.309017 -5.83823e-16 63.7108 -4.241723e-16 5.83823e-16 -1 -88.04616 0 0 0 1</matrix>
                    <instance_node url="#ID180" />
                </node>
                <node id="ID207" name="instance_133">
                    <matrix>0.309017 0.9510565 4.241723e-16 -154.6799 0.9510565 -0.309017 -5.83823e-16 6.726128 -4.241723e-16 5.83823e-16 -1 -52.8277 0 0 0 1</matrix>
                    <instance_node url="#ID180" />
                </node>
                <node id="ID208" name="instance_134">
                    <matrix>0.309017 0.9510565 4.241723e-16 -129.0922 0.9510565 -0.309017 -5.83823e-16 85.47701 -4.241723e-16 5.83823e-16 -1 -52.8277 0 0 0 1</matrix>
                    <instance_node url="#ID180" />
                </node>
                <node id="ID209" name="instance_135">
                    <matrix>0.309017 0.9510565 4.241723e-16 -87.69039 0.9510565 -0.309017 -5.83823e-16 28.49234 -4.241723e-16 5.83823e-16 -1 -17.60923 0 0 0 1</matrix>
                    <instance_node url="#ID180" />
                </node>
                <node id="ID210" name="instance_136">
                    <matrix>0.309017 0.9510565 4.241723e-16 -196.0817 0.9510565 -0.309017 -5.83823e-16 107.2432 -4.241723e-16 5.83823e-16 -1 -17.60923 0 0 0 1</matrix>
                    <instance_node url="#ID180" />
                </node>
                <node id="ID211" name="instance_137">
                    <matrix>0.309017 0.9510565 4.241723e-16 -154.6799 0.9510565 -0.309017 -5.83823e-16 50.25854 -4.241723e-16 5.83823e-16 -1 17.60923 0 0 0 1</matrix>
                    <instance_node url="#ID180" />
                </node>
                <node id="ID212" name="instance_138">
                    <matrix>0.309017 0.9510565 4.241723e-16 -263.0712 0.9510565 -0.309017 -5.83823e-16 85.47701 -4.241723e-16 5.83823e-16 -1 -52.8277 0 0 0 1</matrix>
                    <instance_node url="#ID180" />
                </node>
                <node id="ID213" name="instance_139">
                    <matrix>0.309017 0.9510565 4.241723e-16 -221.6694 0.9510565 -0.309017 -5.83823e-16 28.49234 -4.241723e-16 5.83823e-16 -1 -17.60923 0 0 0 1</matrix>
                    <instance_node url="#ID180" />
                </node>
                <node id="ID214" name="instance_140">
                    <matrix>0.309017 -0.9510565 0 162.5869 -0.9510565 -0.309017 7.21645e-16 52.8277 -6.863251e-16 -2.230006e-16 -1 -145.0308 0 0 0 1</matrix>
                    <instance_node url="#ID4" />
                </node>
                <node id="ID215" name="instance_141">
                    <matrix>0.309017 -0.9510565 0 121.1851 -0.9510565 -0.309017 7.21645e-16 -4.156976 -6.863251e-16 -2.230006e-16 -1 -109.8124 0 0 0 1</matrix>
                    <instance_node url="#ID4" />
                </node>
                <node id="ID216" name="instance_142">
                    <matrix>0.309017 -0.9510565 0 162.5869 -0.9510565 -0.309017 7.21645e-16 52.8277 -6.863251e-16 -2.230006e-16 -1 -223.7817 0 0 0 1</matrix>
                    <instance_node url="#ID4" />
                </node>
                <node id="ID217" name="instance_143">
                    <matrix>0.309017 -0.9510565 0 121.1851 -0.9510565 -0.309017 7.21645e-16 -4.156976 -6.863251e-16 -2.230006e-16 -1 -188.5632 0 0 0 1</matrix>
                    <instance_node url="#ID4" />
                </node>
                <node id="ID218" name="instance_144">
                    <matrix>0.309017 -0.9510565 0 95.59743 -0.9510565 -0.309017 7.21645e-16 74.5939 -6.863251e-16 -2.230006e-16 -1 -188.5632 0 0 0 1</matrix>
                    <instance_node url="#ID4" />
                </node>
                <node id="ID219" name="instance_145">
                    <matrix>0.309017 -0.9510565 0 54.19564 -0.9510565 -0.309017 7.21645e-16 17.60923 -6.863251e-16 -2.230006e-16 -1 -153.3448 0 0 0 1</matrix>
                    <instance_node url="#ID4" />
                </node>
                <node id="ID220" name="instance_146">
                    <matrix>0.309017 -0.9510565 0 54.19564 -0.9510565 -0.309017 7.21645e-16 17.60923 -6.863251e-16 -2.230006e-16 -1 -74.5939 0 0 0 1</matrix>
                    <instance_node url="#ID4" />
                </node>
                <node id="ID221" name="instance_147">
                    <matrix>0.309017 -0.9510565 0 95.59743 -0.9510565 -0.309017 7.21645e-16 74.5939 -6.863251e-16 -2.230006e-16 -1 -109.8124 0 0 0 1</matrix>
                    <instance_node url="#ID4" />
                </node>
                <node id="ID222" name="instance_148">
                    <matrix>-0.809017 -0.5877853 4.241723e-16 100.4842 -0.5877853 0.809017 -5.83823e-16 -138.3047 0 -7.21645e-16 -1 -145.0308 0 0 0 1</matrix>
                    <instance_node url="#ID53" />
                </node>
                <node id="ID223" name="instance_149">
                    <matrix>-0.809017 -0.5877853 4.241723e-16 33.49475 -0.5877853 0.809017 -5.83823e-16 -116.5385 0 -7.21645e-16 -1 -109.8124 0 0 0 1</matrix>
                    <instance_node url="#ID53" />
                </node>
                <node id="ID224" name="instance_150">
                    <matrix>-0.809017 -0.5877853 4.241723e-16 100.4842 -0.5877853 0.809017 -5.83823e-16 -67.86778 0 -7.21645e-16 -1 -109.8124 0 0 0 1</matrix>
                    <instance_node url="#ID53" />
                </node>
                <node id="ID225" name="instance_151">
                    <matrix>-0.809017 -0.5877853 4.241723e-16 33.49475 -0.5877853 0.809017 -5.83823e-16 -46.10157 0 -7.21645e-16 -1 -74.5939 0 0 0 1</matrix>
                    <instance_node url="#ID53" />
                </node>
                <node id="ID226" name="instance_152">
                    <matrix>-0.809017 -0.5877853 4.241723e-16 33.49475 -0.5877853 0.809017 -5.83823e-16 -46.10157 0 -7.21645e-16 -1 -153.3448 0 0 0 1</matrix>
                    <instance_node url="#ID53" />
                </node>
                <node id="ID227" name="instance_153">
                    <matrix>-0.809017 -0.5877853 4.241723e-16 33.49475 -0.5877853 0.809017 -5.83823e-16 -116.5385 0 -7.21645e-16 -1 -188.5632 0 0 0 1</matrix>
                    <instance_node url="#ID53" />
                </node>
                <node id="ID228" name="instance_154">
                    <matrix>-0.809017 -0.5877853 4.241723e-16 100.4842 -0.5877853 0.809017 -5.83823e-16 -138.3047 0 -7.21645e-16 -1 -223.7817 0 0 0 1</matrix>
                    <instance_node url="#ID53" />
                </node>
                <node id="ID229" name="instance_155">
                    <matrix>-0.809017 -0.5877853 4.241723e-16 100.4842 -0.5877853 0.809017 -5.83823e-16 -67.86778 0 -7.21645e-16 -1 -188.5632 0 0 0 1</matrix>
                    <instance_node url="#ID53" />
                </node>
                <node id="ID230" name="instance_156">
                    <matrix>-0.809017 0.5877853 -6.863251e-16 -100.4842 0.5877853 0.809017 2.230006e-16 -138.3047 6.863251e-16 -2.230006e-16 -1 -145.0308 0 0 0 1</matrix>
                    <instance_node url="#ID73" />
                </node>
                <node id="ID231" name="instance_157">
                    <matrix>-0.809017 0.5877853 -6.863251e-16 -100.4842 0.5877853 0.809017 2.230006e-16 -67.86778 6.863251e-16 -2.230006e-16 -1 -109.8124 0 0 0 1</matrix>
                    <instance_node url="#ID73" />
                </node>
                <node id="ID232" name="instance_158">
                    <matrix>-0.809017 0.5877853 -6.863251e-16 -33.49475 0.5877853 0.809017 2.230006e-16 -116.5385 6.863251e-16 -2.230006e-16 -1 -109.8124 0 0 0 1</matrix>
                    <instance_node url="#ID73" />
                </node>
                <node id="ID233" name="instance_159">
                    <matrix>-0.809017 0.5877853 -6.863251e-16 -33.49475 0.5877853 0.809017 2.230006e-16 -46.10157 6.863251e-16 -2.230006e-16 -1 -74.5939 0 0 0 1</matrix>
                    <instance_node url="#ID73" />
                </node>
                <node id="ID234" name="instance_160">
                    <matrix>-0.809017 0.5877853 -6.863251e-16 -100.4842 0.5877853 0.809017 2.230006e-16 -138.3047 6.863251e-16 -2.230006e-16 -1 -223.7817 0 0 0 1</matrix>
                    <instance_node url="#ID73" />
                </node>
                <node id="ID235" name="instance_161">
                    <matrix>-0.809017 0.5877853 -6.863251e-16 -100.4842 0.5877853 0.809017 2.230006e-16 -67.86778 6.863251e-16 -2.230006e-16 -1 -188.5632 0 0 0 1</matrix>
                    <instance_node url="#ID73" />
                </node>
                <node id="ID236" name="instance_162">
                    <matrix>-0.809017 0.5877853 -6.863251e-16 -33.49475 0.5877853 0.809017 2.230006e-16 -116.5385 6.863251e-16 -2.230006e-16 -1 -188.5632 0 0 0 1</matrix>
                    <instance_node url="#ID73" />
                </node>
                <node id="ID237" name="instance_163">
                    <matrix>-0.809017 0.5877853 -6.863251e-16 -33.49475 0.5877853 0.809017 2.230006e-16 -46.10157 6.863251e-16 -2.230006e-16 -1 -153.3448 0 0 0 1</matrix>
                    <instance_node url="#ID73" />
                </node>
                <node id="ID238" name="instance_164">
                    <matrix>0.309017 0.9510565 6.863251e-16 -162.5869 0.9510565 -0.309017 2.230006e-16 52.8277 4.241723e-16 5.83823e-16 -1 -145.0308 0 0 0 1</matrix>
                    <instance_node url="#ID93" />
                </node>
                <node id="ID239" name="instance_165">
